0.0
0.20107234871690238
0.4089215287848127
0.6237276566963175
0.8456720288029054
1.0749368256761827
1.3117047913357425
1.5561588865314988
1.808481915339204
2.0688561244122674
2.3374627743319856
2.6144816826131176
2.9000907380523806
3.1944653862555477
3.4977780863442263
3.8101977390271387
4.131889086422802
4.463012084240809
4.80372124716834
5.154164968565031
5.514484815844064
5.884814803207945
6.2652806437133925
6.655998982958973
7.057076617019771
7.468609697592822
7.8906829276621835
8.323368751340723
8.76672654189193
9.220801792276301
9.685625312898054
10.161212441543558
10.647562270798304
11.144656898499083
11.652460707014978
12.170919677351012
12.699960744224036
13.239491198366686
13.789398142366313
14.349548006335944
14.919786129638512
15.49993641474065
16.08980105905262
16.689160370316078
17.29777267072769
17.915374294534672
18.541679683308725
19.176381582498877
19.819151342185563
20.469639324212594
21.127475417066222
21.792269659009662
22.463612969075932
23.1410779845818
23.824220002862855
24.512578023956475
25.205675889988214
25.90302351606301
26.604118206537592
27.308446049670206
28.01548338282051
28.72469831962006
29.43555232986392
30.147501862297545
30.86
31.572498137702453
32.28444767013608
32.99530168037994
33.70451661717949
34.4115539503298
35.11588179346241
35.81697648393699
36.514324110011785
37.20742197604352
37.89577999713714
38.5789220154182
39.25638703092407
39.92773034099034
40.59252458293378
41.250360675787405
41.900848657814436
42.54361841750112
43.17832031669127
43.80462570546533
44.42222732927231
45.030839629683925
45.63019894094738
46.220063585259346
46.80021387036149
47.370451993664055
47.93060185763369
48.48050880163331
49.02003925577596
49.54908032264899
50.06753929298502
50.57534310150092
51.072437729201695
51.558787558456444
52.034374687101945
52.499198207723694
52.95327345810807
53.396631248659276
53.829317072337815
54.251390302407174
54.662923382980225
55.06400101704102
55.4547193562866
55.835185196792054
56.205515184155935
56.56583503143497
56.91627875283166
57.25698791575919
57.5881109135772
57.90980226097286
58.22222191365577
58.525534613744455
58.819909261947615
59.10551831738688
59.38253722566802
59.651143875587735
59.9115180846608
60.1638411134685
60.408295208664256
60.645063174323816
60.87432797119709
61.09627234330368
61.31107847121518
61.51892765128309
61.72
